LIFT_ID=3e1d0733-76c5-44f9-b66c-91ed7a1fd24c
# Geographic Coordinates
START_LAT=46.69739731050563
START_LON=13.914595364129971
START_ELEVATION=1400
END_LAT=46.693828878676364
END_LON=13.92304607372536
END_ELEVATION=2400
# Operational Parameters
ARRIVAL_RATE=800
LINE_SPEED=3.5
CARRIER_CAPACITY=6
CARRIER_SPACING=20
CARRIERS_LOADING=2
# Operator Configuration
MASTER_OPERATOR=b21f687b-02fc-4556-b2a4-17a9eb905033
WORKER_OPERATORS=09397786-7bd6-4615-93e5-55fe75528630,60886279-63d6-451d-b2a5-8ba3339152e4
