LIFT_ID=5b7129e2-66e2-46b8-a644-7f8f18c95dad
# Geographic Coordinates
START_LAT=46.69539731050563
START_LON=13.914595364129971
START_ELEVATION=1600
END_LAT=46.68339731050563
END_LON=13.894595364129971
END_ELEVATION=2600
# Operational Parameters
ARRIVAL_RATE=1200
LINE_SPEED=4.5
CARRIER_CAPACITY=8
CARRIER_SPACING=25
CARRIERS_LOADING=2
# Operator Configuration
MASTER_OPERATOR=b21f687b-02fc-4556-b2a4-17a9eb905033
WORKER_OPERATORS=09397786-7bd6-4615-93e5-55fe75528630,60886279-63d6-451d-b2a5-8ba3339152e4
